data/SpikeII/skyviewSpikeII.asc
NCOLS 34
NROWS 26
XLLCORNER 532712.5
YLLCORNER 152262.5
CELLSIZE 25.0
NODATA_VALUE -9999
-9999 -9999 -9999 -9999 -9999 -9999 -9999 -9999 -9999 -9999 -9999 -9999 -9999 -9999 -9999 -9999 -9999 -9999 -9999 -9999 -9999 -9999 -9999 -9999 -9999 -9999 -9999 -9999 -9999 -9999 -9999 -9999 -9999 -9999
-9999 -9999 -9999 -9999 -9999 -9999 -9999 -9999 -9999 -9999 -9999 -9999 -9999 -9999 -9999 -9999 -9999 -9999 -9999 -9999 -9999 -9999 -9999 -9999 -9999 -9999 -9999 -9999 -9999 -9999 -9999 -9999 -9999 -9999
-9999 -9999 0.9662979441075201 0.9673041561535168 0.9707518779407899 0.9720445570775617 0.9720022637064355 0.9719768918070012 0.9720276356058698 0.9719768918070013 0.9718923256809558 0.9717992885109611 0.9717908277751152 0.9715710753711605 0.9696391791299019 0.9671426915934919 0.9694633547191454 0.9713343705335427 0.9716132450827228 0.9717316129322973 0.9717569848317316 0.9718838443289031 0.9720191645619206 0.9719430282474107 0.9720022430902288 0.9720022430902288 0.9720191645619206 0.9720276252977664 0.9720191645619205 0.9720191645619206 0.9720276252977665 0.9720276252977665 -9999 -9999
-9999 -9999 0.9666080924261534 0.9682605281782416 0.9713513641870605 0.9720360963417157 0.972069928976996 0.9720445570775617 0.97206146824115 0.9719768918070012 0.971943059171721 0.9718923153728524 0.9718415715739838 0.9717908277751152 0.9709037899871026 0.9697143071578802 0.9698920126567685 0.9701024298051938 0.9715287407801798 0.9715793815356915 0.9717569848317316 0.9717992678947543 0.9720022430902288 0.9720107038260747 0.9720022430902288 0.971968400146845 0.9720107038260747 0.9720360860336124 0.9720191645619205 0.9720276252977665 0.9720276252977665 0.9720191645619206 -9999 -9999
-9999 -9999 0.9664139992566795 0.9691079645880032 0.971765455875681 0.9720445467694583 0.9720445467694583 0.972010714134178 0.9720360860336124 0.972010714134178 0.9719768814988978 0.9720191645619205 0.9718838443289031 0.9718500220017262 0.9715710753711605 0.9704561746175102 0.9692437360323689 0.9699505586777214 0.9704220740971156 0.9715540405480083 0.9716893195611711 0.9717146914606055 0.9719007554924916 0.9718922947566456 0.9719768711907945 0.9720022430902288 0.9720022430902288 0.9720022533983321 0.9719937823543828 0.9720107141341782 0.9720191645619206 0.9720107038260747 -9999 -9999
-9999 -9999 0.966834527920556 0.9705326299308951 0.9719346087439785 0.972069928976996 0.9719515199075669 0.9719007761086983 0.9719007761086983 0.9718923153728524 0.9718838546370064 0.9718753939011605 0.9718838546370064 0.9718415612658803 0.9716893298692745 0.9712668186646628 0.9697566107868896 0.9691081489173539 0.9692420598386573 0.9714780588048136 0.9714695259373618 0.97177389599532 0.971841550957777 0.9716977596808102 0.9718584724294689 0.9719007554924916 0.9719092162283374 0.9719007658005949 0.9718922947566456 0.9719599600272061 0.9719514992913602 0.9720022533983322 -9999 -9999
-9999 -9999 0.9679064324524276 0.9713513641870605 0.97206146824115 0.9720530075053041 0.9720445467694583 0.972019174870024 0.972010714134178 0.9720022533983321 0.9719768814988978 0.9720276252977664 0.9720107038260746 0.9719853319266403 0.9720360860336122 0.9717316232404006 0.9705658757324059 0.9698329008698665 0.9694112943443669 0.9698993208930913 0.9714103935342531 0.9716132759944741 0.9718161790583427 0.9717738856872166 0.971723141888348 0.9718838443289032 0.9718753835930573 0.9718500220017263 0.9719430591717211 0.9716639579698403 0.9716724083975828 0.9716470364981484 -9999 -9999
-9999 -9999 0.9695299306805341 0.9717908380832186 0.97206146824115 0.9720022637064355 0.9720276356058698 0.9719938029705896 0.9720191748700239 0.9719768814988977 0.9719599703353093 0.9720107141341779 0.9719937926624861 0.9720191645619204 0.9720360860336122 0.9718838546370064 0.9714189470179116 0.970515389410108 0.9703552532373352 0.970144321787956 0.9696551430401723 0.9714443497788771 0.9715287304720764 0.9717147223723567 0.971841550957777 0.9717992678947543 0.9717908071589084 0.9717485344039891 0.9716554972339944 0.9712750939174425 0.9710638022493335 0.9711907441862143 -9999 -9999
-9999 -9999 0.9709206290693053 0.9719346087439785 0.97206146824115 0.9719261480081326 0.971943059171721 0.9719176872722867 0.9719092265364407 0.9719176872722867 0.9718923050647489 0.9720022430902285 0.9720191645619204 0.9720191645619204 0.9720107038260745 0.9720360860336122 0.9717739063034233 0.9710723660285365 0.9706251625060105 0.9703719996219454 0.9699674285210762 0.9701273900081606 0.9708442763976391 0.9714865504524106 0.9713596497353845 0.9715624909757509 0.9716047431270224 0.9717316129322973 0.9707343693341307 0.9713681516910848 0.9714780382011656 0.9715203315722918 -9999 -9999
-9999 -9999 0.9718331211462413 0.9720530075053041 0.9720445467694583 0.972019174870024 0.9720360860336124 0.972010714134178 0.9719684207630519 0.9719853319266403 0.9720022430902286 0.9720107038260745 0.9720191645619204 0.9720276252977663 0.9720360860336122 0.9720360860336122 0.9720360860336122 0.9717654558756809 0.9711315705632511 0.9706336644617111 0.9701024810823576 0.969891868594376 0.9698320676704167 0.9704814948383874 0.970497963042339 0.971207665557466 0.9714526147737735 0.9707765700076643 0.9716047637432292 0.9716555075420978 0.9715456725599749 0.9714949905846085 -9999 -9999
-9999 -9999 0.97206146824115 0.9720445467694583 0.9719684310711554 0.9719092265364409 0.9719007658005949 0.9718669331653147 0.972002253398332 0.9720191645619204 0.9720276252977663 0.9720191645619204 0.9720276252977663 0.9720107038260745 0.9720360860336122 0.9720360860336122 0.9720360860336122 0.9720530075053041 0.971748534403989 0.9713175315517801 0.9702537965513491 0.969041285734407 0.9688142256956078 0.9689744438062562 0.9695128340715407 0.9704061512561006 0.9710895346686954 0.9711315396012797 0.9713089574644737 0.9714103523269574 0.971579474283504 0.971554164207572 -9999 -9999
-9999 -9999 0.9720530075053041 0.972019174870024 0.972019174870024 0.972010714134178 0.9720276252977664 0.9720022533983321 0.9720445467694582 0.9720445467694582 0.9720360860336122 0.9720360860336122 0.9720360860336122 0.9720445467694582 0.9720445467694582 0.9720445467694582 0.9720445467694582 0.97206146824115 0.9720445467694582 0.9717654558756809 0.9712667877529115 0.9702283012433902 0.9697146469235611 0.9688306640913036 0.9669832257443566 0.9695547570662492 0.970642155908489 0.9713596703515914 0.9714864680252604 0.9713680589558313 0.9716725011453954 0.97174009428435 -9999 -9999
-9999 -9999 0.9720530075053041 0.9719684310711553 0.9720191748700239 0.9720191748700239 0.9720445467694582 0.9720530075053041 0.9720191645619204 0.9720360860336122 0.9720360860336122 0.9720445467694582 0.9720360860336122 0.9720360860336122 0.9720360860336122 0.9720530075053041 0.9720445467694582 0.97206146824115 0.9720530075053041 0.9720276356058698 0.9718500323098297 0.9717823773473727 0.9713767051747434 0.9707012165314101 0.9698076425726868 0.9695808791239457 0.9693877419107478 0.9710051229131459 0.9715203006605406 0.9714272634905459 0.971638668510115 0.9717401251961012 -9999 -9999
-9999 -9999 0.9720191748700239 0.9720276356058698 0.9720530075053041 0.9720445467694582 0.97206146824115 0.9720530075053041 0.9720445467694582 0.9720445467694582 0.9720191645619204 0.9720191645619204 0.9720191645619204 0.9720360860336122 0.9720360860336122 0.9720530075053041 0.9720445467694582 0.9720445467694582 0.9720530075053041 0.9720191645619204 0.9720530075053041 0.97206146824115 0.9720191645619205 0.9719346087439785 0.9714443292254494 0.9702204477943622 0.969344637360338 0.9704731987811407 0.9713174182003197 0.971511767793089 0.9716470880261064 0.9716470880261064 -9999 -9999
-9999 -9999 0.9719937926624862 0.9720191645619205 0.9720530075053041 0.9720530075053041 0.9720530075053041 0.9720445467694582 0.97206146824115 0.9720530075053041 0.9720276252977663 0.9720191645619204 0.9720276252977663 0.9720530075053041 0.9720530075053041 0.97206146824115 0.9720360860336122 0.9720360860336122 0.9720445467694582 0.9720445467694582 0.9720191748700239 0.9720530075053041 0.9720530075053041 0.9720445467694582 0.9720445467694582 0.9713175315517802 0.9700678871911569 0.9704566890561366 0.9713512096157453 0.9714272634905459 0.9716893401773781 0.971376622735034 -9999 -9999
-9999 -9999 0.9720530075053041 0.9720530075053041 0.9720530075053041 0.9720530075053041 0.9720530075053041 0.97206146824115 0.97206146824115 0.9720530075053041 0.9720445467694582 0.9720530075053041 0.9720530075053041 0.97206146824115 0.9720530075053041 0.9720530075053041 0.9720360860336122 0.9720530075053041 0.97206146824115 0.97206146824115 0.97206146824115 0.9720530075053041 0.9720530075053041 0.9720360860336122 0.9720445467694582 0.9719176872722867 0.9714189470179116 0.9712668186646628 0.9707853191318322 0.9710048140592159 0.9713851143826311 0.9710726544168581 -9999 -9999
-9999 -9999 0.9720530075053041 0.97206146824115 0.97206146824115 0.97206146824115 0.9720530075053041 0.9720530075053041 0.9720530075053041 0.9720360860336122 0.9720191645619204 0.9720445467694582 0.9720530075053041 0.97206146824115 0.972069928976996 0.97206146824115 0.97206146824115 0.9720530075053041 0.9720360860336122 0.9720107038260746 0.9720022430902286 0.9720699289769958 0.9720107038260746 0.9720107038260746 0.9720191645619204 0.9720360860336122 0.9718415715739838 0.9714526663017314 0.9714780691129167 0.9715203315722917 0.9716809515731378 0.9712247416004725 -9999 -9999
-9999 -9999 0.9720360860336122 0.9720360860336122 0.972069928976996 0.972069928976996 0.97206146824115 0.97206146824115 0.97206146824115 0.9720530075053041 0.9720445467694582 0.972069928976996 0.97206146824115 0.972069928976996 0.972069928976996 0.972069928976996 0.97206146824115 0.9720360860336122 0.9720276252977663 0.9720191645619204 0.9720107038260745 0.9720107038260745 0.9720360860336122 0.9719937823543826 0.9720022430902285 0.9720022430902286 0.9719430488636175 0.9711821288790535 0.9716977906051204 0.9718753939011606 0.971756995139835 0.9713175315517799 -9999 -9999
-9999 -9999 0.9720783897128418 0.972069928976996 0.972069928976996 0.972069928976996 0.97206146824115 0.97206146824115 0.9720360860336122 0.9720530075053041 0.972069928976996 0.972069928976996 0.972069928976996 0.9720868504486877 0.972069928976996 0.97206146824115 0.9720530075053042 0.9720530075053041 0.9720360860336124 0.9720360860336124 0.9720191645619205 0.9720276252977663 0.9720360860336122 0.9720445467694582 0.9720276252977663 0.9720022430902285 0.9719937823543826 0.9719768814988977 0.9719345881277717 0.9719515095994635 0.9716386994218663 0.9711656606751017 -9999 -9999
-9999 -9999 0.9720699289769961 0.9720699289769961 0.9720783897128419 0.9720783897128419 0.9720783897128419 0.9720783897128418 0.9720783897128418 0.9720445467694582 0.9720276252977663 0.9720276252977663 0.9720276252977663 0.9720276252977663 0.9720276252977663 0.9720276252977663 0.9720276252977663 0.9720276252977663 0.9720530075053041 0.9720107038260745 0.9720276252977663 0.9720276252977663 0.9720191645619204 0.9719853216185367 0.9719853216185367 0.9719768608826909 0.9720276252977663 0.9719937823543827 0.9720360860336122 0.9720022533983321 0.9716725217490431 0.9709713213402157 -9999 -9999
-9999 -9999 0.9720445467694583 0.9720445467694583 0.9720530075053042 0.9720699289769961 0.9720614682411501 0.9720530075053042 0.9720699289769961 0.972078389712842 0.9720783897128419 0.9720530075053041 0.9720530075053041 0.9720530075053041 0.9720530075053041 0.9720530075053041 0.9720530075053041 0.9720530075053041 0.97206146824115 0.97206146824115 0.9720360860336122 0.9720107038260745 0.9720022430902285 0.9719853216185367 0.9720191645619204 0.9719937823543826 0.9720191645619204 0.9720276252977663 0.9720107038260745 0.9719768814988978 0.9717316953720064 0.9711487495115133 -9999 -9999
-9999 -9999 0.9720530075053042 0.9720614682411501 0.9720530075053042 0.9720699289769961 0.9720445467694584 0.9720360963417158 0.9720699289769961 0.9720530075053043 0.972078389712842 0.972078389712842 0.972069928976996 0.972069928976996 0.972069928976996 0.9720360860336124 0.9720445467694583 0.9720445467694583 0.9720276252977663 0.9719599394109991 0.9720107038260745 0.9719853216185367 0.9720191645619204 0.9720107038260745 0.9719937823543826 0.9720107038260745 0.9720276252977663 0.9720276252977663 0.9720107038260745 0.9720445467694582 0.9719599600272061 0.9717739578313814 -9999 -9999
-9999 -9999 0.9720530075053042 0.9720614682411501 0.9720614682411501 0.9720699289769961 0.9720530075053043 0.97202763560587 0.9720699289769961 0.9720699289769962 0.9720699289769962 0.9720614682411503 0.972078389712842 0.972078389712842 0.9720360860336124 0.9720360860336122 0.9720191645619204 0.9719684001468449 0.9720276252977663 0.9719853216185368 0.9720191645619204 0.9720191645619204 0.9719768608826909 0.9720191645619204 0.9720191645619204 0.9720191645619204 0.9720191645619204 0.9720191645619205 0.9720445467694582 0.9720022430902286 0.9720783897128419 0.9718923565927071 -9999 -9999
-9999 -9999 0.9720276356058699 0.9720614682411501 0.9720614682411501 0.9720360963417158 0.9720107244422815 0.97202763560587 0.9719853422347438 0.9720699289769962 0.9720699289769962 0.9720783897128421 0.9720530075053043 0.9720530075053043 0.972078389712842 0.9719853216185368 0.9720276252977663 0.9720276252977663 0.9720022430902285 0.9720276252977663 0.9720022430902285 0.9720276252977663 0.9720022430902286 0.9720360860336122 0.9720191645619204 0.9720191645619204 0.9720276252977663 0.9720276252977664 0.9720445467694582 0.972069928976996 0.97206146824115 0.9720276459139733 -9999 -9999
-9999 -9999 -9999 -9999 -9999 -9999 -9999 -9999 -9999 -9999 -9999 -9999 -9999 -9999 -9999 -9999 -9999 -9999 -9999 -9999 -9999 -9999 -9999 -9999 -9999 -9999 -9999 -9999 -9999 -9999 -9999 -9999 -9999 -9999
-9999 -9999 -9999 -9999 -9999 -9999 -9999 -9999 -9999 -9999 -9999 -9999 -9999 -9999 -9999 -9999 -9999 -9999 -9999 -9999 -9999 -9999 -9999 -9999 -9999 -9999 -9999 -9999 -9999 -9999 -9999 -9999 -9999 -9999
